../../../../.git/annex/objects/WK/7v/MD5E-s4079542--899268c53611066f137cffd2e7a6f0d3.tsv/MD5E-s4079542--899268c53611066f137cffd2e7a6f0d3.tsv