../../../../.git/annex/objects/W5/G8/MD5E-s816356--a905a56bdcc819208aadf20e090bc86a.tsv/MD5E-s816356--a905a56bdcc819208aadf20e090bc86a.tsv