../../../../.git/annex/objects/fj/Gw/MD5E-s25500720--567e217937ee2888d3bf125d318360ba.tsv/MD5E-s25500720--567e217937ee2888d3bf125d318360ba.tsv