../../../../.git/annex/objects/pf/Z9/MD5E-s7379--b1a270a3b66b792211f0d321ed2ee14a.tsv/MD5E-s7379--b1a270a3b66b792211f0d321ed2ee14a.tsv