../../../../.git/annex/objects/qJ/Vg/MD5E-s58630--15a406844d1a6c688b87829c7872d1d9.tsv/MD5E-s58630--15a406844d1a6c688b87829c7872d1d9.tsv