../../../../.git/annex/objects/vV/38/MD5E-s7333--49695fe2968a768e6d63eb9d8425ace1.tsv/MD5E-s7333--49695fe2968a768e6d63eb9d8425ace1.tsv