../../../../.git/annex/objects/7V/G3/MD5E-s42813--b11c8663cf7dbc123c60b90911898a97.tsv/MD5E-s42813--b11c8663cf7dbc123c60b90911898a97.tsv