../../../../.git/annex/objects/qg/6f/MD5E-s1011842--d36d182eb2bb3e04e7668a00b4e3c853.tsv/MD5E-s1011842--d36d182eb2bb3e04e7668a00b4e3c853.tsv