../../../../.git/annex/objects/K1/3Q/MD5E-s58008--a70aeb84e58d104e1ad5306700d99036.tsv/MD5E-s58008--a70aeb84e58d104e1ad5306700d99036.tsv