../../../../.git/annex/objects/W9/WF/MD5E-s1245--ca6518c9607a7f03ff2560fd8548a3e0.tsv/MD5E-s1245--ca6518c9607a7f03ff2560fd8548a3e0.tsv