../../../../.git/annex/objects/3g/p8/MD5E-s20999903--793350dd2dfbf6f68e18e14ebf9f6cee.tsv/MD5E-s20999903--793350dd2dfbf6f68e18e14ebf9f6cee.tsv