../../../../.git/annex/objects/QV/pM/MD5E-s25469896--8790ff66759de13e4b76735bb89ef545.tsv/MD5E-s25469896--8790ff66759de13e4b76735bb89ef545.tsv