../../../../.git/annex/objects/qG/37/MD5E-s25399396--f6a18d4006f2761f9c8e27a5715a95db.tsv/MD5E-s25399396--f6a18d4006f2761f9c8e27a5715a95db.tsv