../../../../.git/annex/objects/fV/8k/MD5E-s7299--6d799d565dc661b6d1effd73c2031baf.tsv/MD5E-s7299--6d799d565dc661b6d1effd73c2031baf.tsv