../../../../.git/annex/objects/xz/Jg/MD5E-s2294914--5c7681f03ad654e2079f2e82aca4df8a.tsv/MD5E-s2294914--5c7681f03ad654e2079f2e82aca4df8a.tsv