../../../../.git/annex/objects/QZ/w5/MD5E-s7315--82874c51d55846dd74f631a844a9a37b.tsv/MD5E-s7315--82874c51d55846dd74f631a844a9a37b.tsv