../../../../.git/annex/objects/6Z/Pf/MD5E-s270045--9ef719f0322ebd5950099a5736aa0321.tsv/MD5E-s270045--9ef719f0322ebd5950099a5736aa0321.tsv