../../../../.git/annex/objects/4f/6p/MD5E-s629--0705db6ecaba8a7df94513d4539d6c10.tsv/MD5E-s629--0705db6ecaba8a7df94513d4539d6c10.tsv