../../../../.git/annex/objects/Zj/jj/MD5E-s58680--56794360689a62f28f1861c6adfcb45e.tsv/MD5E-s58680--56794360689a62f28f1861c6adfcb45e.tsv