../../../../.git/annex/objects/Qj/7K/MD5E-s11203--dfe452f894314600e3c2dca8d63183ec.tsv/MD5E-s11203--dfe452f894314600e3c2dca8d63183ec.tsv