../../../../.git/annex/objects/31/vK/MD5E-s7369--220c13474a45f1bee6f2e52a08e82de6.tsv/MD5E-s7369--220c13474a45f1bee6f2e52a08e82de6.tsv