../../../../.git/annex/objects/qg/JQ/MD5E-s11203--18281395999a0a8561223127e6cd87ea.tsv/MD5E-s11203--18281395999a0a8561223127e6cd87ea.tsv