../../../../.git/annex/objects/mZ/Jx/MD5E-s20911317--25399a841757e5eff4b73f3220599482.tsv/MD5E-s20911317--25399a841757e5eff4b73f3220599482.tsv