../../../../.git/annex/objects/Kg/WX/MD5E-s7363--42fb27cbf378644b97694e8e578c312c.tsv/MD5E-s7363--42fb27cbf378644b97694e8e578c312c.tsv