../../../../.git/annex/objects/mj/qw/MD5E-s7373--114d31ac5670e82896bcf8346b5d2848.tsv/MD5E-s7373--114d31ac5670e82896bcf8346b5d2848.tsv