../../../../.git/annex/objects/V9/vJ/MD5E-s7355--2e8fdf966127bbec9f015beddf8c547a.tsv/MD5E-s7355--2e8fdf966127bbec9f015beddf8c547a.tsv