../../../../.git/annex/objects/WJ/qv/MD5E-s25485140--76d669c2871a6341fdb0d058aba4322b.tsv/MD5E-s25485140--76d669c2871a6341fdb0d058aba4322b.tsv