../../../../.git/annex/objects/J3/Z3/MD5E-s1247--d290af4d72940081bf01b280b25662bc.tsv/MD5E-s1247--d290af4d72940081bf01b280b25662bc.tsv