../../../../.git/annex/objects/37/pv/MD5E-s823952--660f12a39dee06b9b5b70c94bee27429.tsv/MD5E-s823952--660f12a39dee06b9b5b70c94bee27429.tsv