../../../../.git/annex/objects/3P/q9/MD5E-s1239--51f273f216c827f94e8893bbf53a1f4c.tsv/MD5E-s1239--51f273f216c827f94e8893bbf53a1f4c.tsv