../../../../.git/annex/objects/xk/jJ/MD5E-s42785--4b4882bbc221da0a3e5eb1852a1bf276.tsv/MD5E-s42785--4b4882bbc221da0a3e5eb1852a1bf276.tsv