../../../../.git/annex/objects/fQ/xf/MD5E-s4079652--8112b8d9fa7a4d4e92a816f7218f95f7.tsv/MD5E-s4079652--8112b8d9fa7a4d4e92a816f7218f95f7.tsv