../../../../.git/annex/objects/7W/V5/MD5E-s342814--0e887db1ca2ffb6b4f72ed51bdcab8ec.tsv/MD5E-s342814--0e887db1ca2ffb6b4f72ed51bdcab8ec.tsv