../../../../.git/annex/objects/21/M4/MD5E-s58348--ef5486e8f441a6025f35169e87ae8c9a.tsv/MD5E-s58348--ef5486e8f441a6025f35169e87ae8c9a.tsv