../../../../.git/annex/objects/Vx/W3/MD5E-s2290458--65906452b7d3fdf774a245b7a87a45a8.tsv/MD5E-s2290458--65906452b7d3fdf774a245b7a87a45a8.tsv