../../../../.git/annex/objects/Fg/vf/MD5E-s1018460--1140bd1672ba82b1db5218f49fefd840.tsv/MD5E-s1018460--1140bd1672ba82b1db5218f49fefd840.tsv