../../../../.git/annex/objects/0f/Z2/MD5E-s7347--42019c14648c0896cca21ebd72289803.tsv/MD5E-s7347--42019c14648c0896cca21ebd72289803.tsv