../../../../.git/annex/objects/P3/zZ/MD5E-s4080954--c95e796ed02cc198cb30833c682f0581.tsv/MD5E-s4080954--c95e796ed02cc198cb30833c682f0581.tsv