../../../../.git/annex/objects/jj/7Z/MD5E-s1241--29f664ee1aa2f3415942dbccbefc09c7.tsv/MD5E-s1241--29f664ee1aa2f3415942dbccbefc09c7.tsv