../../../../.git/annex/objects/3x/wp/MD5E-s1015452--51d0f9b9d28eac0e5377dab29cb000ce.tsv/MD5E-s1015452--51d0f9b9d28eac0e5377dab29cb000ce.tsv