../../../../.git/annex/objects/9w/Qj/MD5E-s42715--487ef7dfe98ce4452261787a9c024263.tsv/MD5E-s42715--487ef7dfe98ce4452261787a9c024263.tsv