../../../../.git/annex/objects/P3/wg/MD5E-s1241--c0fd30406b944652d0d05ac3f3a1d913.tsv/MD5E-s1241--c0fd30406b944652d0d05ac3f3a1d913.tsv