../../../../.git/annex/objects/gv/xX/MD5E-s7347--7d122d698ab0ecaab066ee9e04a30b1b.tsv/MD5E-s7347--7d122d698ab0ecaab066ee9e04a30b1b.tsv