../../../../.git/annex/objects/v7/gg/MD5E-s270285--ebaa3ece6c9b0c8189cc3502faed25d3.tsv/MD5E-s270285--ebaa3ece6c9b0c8189cc3502faed25d3.tsv