../../../../.git/annex/objects/g7/XV/MD5E-s42893--585431e2e2ae1a0e856ba2e218b63fcc.tsv/MD5E-s42893--585431e2e2ae1a0e856ba2e218b63fcc.tsv