../../../../.git/annex/objects/Pf/kK/MD5E-s7345--5b7bcf862039d70eda8e01caec396313.tsv/MD5E-s7345--5b7bcf862039d70eda8e01caec396313.tsv