../../../../.git/annex/objects/V4/5x/MD5E-s25478976--ef0cf995aca97ab74933d80b88d13893.tsv/MD5E-s25478976--ef0cf995aca97ab74933d80b88d13893.tsv