../../../../.git/annex/objects/k4/PF/MD5E-s1015424--ae1aeca0180ac101db1e2405fc8b0441.tsv/MD5E-s1015424--ae1aeca0180ac101db1e2405fc8b0441.tsv