../../../../.git/annex/objects/p1/xV/MD5E-s1239--9b5e05a142063a21f696052fec78571b.tsv/MD5E-s1239--9b5e05a142063a21f696052fec78571b.tsv