../../../../.git/annex/objects/51/Mj/MD5E-s1225--9aca413c8eb8afad8649dacf94fd3f42.tsv/MD5E-s1225--9aca413c8eb8afad8649dacf94fd3f42.tsv