../../../../.git/annex/objects/jm/JK/MD5E-s11223--01318591dab953de802eefcbdd319d32.tsv/MD5E-s11223--01318591dab953de802eefcbdd319d32.tsv