../../../../.git/annex/objects/p4/Ff/MD5E-s7401--3e08dd175632cf700b35294d4dfc08eb.tsv/MD5E-s7401--3e08dd175632cf700b35294d4dfc08eb.tsv