../../../../.git/annex/objects/FM/qJ/MD5E-s815426--54ccf1400116e76501e923067063b305.tsv/MD5E-s815426--54ccf1400116e76501e923067063b305.tsv