../../../../.git/annex/objects/3K/x5/MD5E-s20964538--e4db216bbcd9b03210b389195c61d137.tsv/MD5E-s20964538--e4db216bbcd9b03210b389195c61d137.tsv