../../../../.git/annex/objects/7F/W7/MD5E-s825486--c26bf3253c27ecae2e57a764934009fb.tsv/MD5E-s825486--c26bf3253c27ecae2e57a764934009fb.tsv