../../../../.git/annex/objects/kq/Km/MD5E-s826018--a0b403611ccda09dfac2b32dfa9cf202.tsv/MD5E-s826018--a0b403611ccda09dfac2b32dfa9cf202.tsv