../../../../.git/annex/objects/5m/8M/MD5E-s1016650--b6ec45a80fc94116033150c776cc2037.tsv/MD5E-s1016650--b6ec45a80fc94116033150c776cc2037.tsv