../../../../.git/annex/objects/Q1/zX/MD5E-s7351--68487af25a36fdca5d2b543242479f5a.tsv/MD5E-s7351--68487af25a36fdca5d2b543242479f5a.tsv