../../../../.git/annex/objects/5J/JM/MD5E-s3909198--9154635656849851b46b2907c95be812.tsv/MD5E-s3909198--9154635656849851b46b2907c95be812.tsv