../../../../.git/annex/objects/qx/1Z/MD5E-s270183--baaa72885402bb3bcad340bdb74b7791.tsv/MD5E-s270183--baaa72885402bb3bcad340bdb74b7791.tsv