../../../../.git/annex/objects/6Q/5m/MD5E-s270459--43e803b6dfb3c3095c95ff1b7f49e7fc.tsv/MD5E-s270459--43e803b6dfb3c3095c95ff1b7f49e7fc.tsv