../../../../.git/annex/objects/P7/QJ/MD5E-s1019268--b0baf36adf2a67d6bf8cc87a895eb84b.tsv/MD5E-s1019268--b0baf36adf2a67d6bf8cc87a895eb84b.tsv