../../../../.git/annex/objects/Pm/p2/MD5E-s7339--dad110856f2db1c1839ecafd4310d88a.tsv/MD5E-s7339--dad110856f2db1c1839ecafd4310d88a.tsv