../../../../.git/annex/objects/0J/9G/MD5E-s20947247--8c35d837669ed0326c70ced8be211111.tsv/MD5E-s20947247--8c35d837669ed0326c70ced8be211111.tsv