../../../../.git/annex/objects/qz/qK/MD5E-s7375--495a5e3488ec3867b5244bf362482fc4.tsv/MD5E-s7375--495a5e3488ec3867b5244bf362482fc4.tsv