../../../../.git/annex/objects/vV/MK/MD5E-s20984614--0664e46377f29204d789022ed3162e77.tsv/MD5E-s20984614--0664e46377f29204d789022ed3162e77.tsv