../../../../.git/annex/objects/Wf/8G/MD5E-s1257--8a8264bb583dd95146f1161e18feea41.tsv/MD5E-s1257--8a8264bb583dd95146f1161e18feea41.tsv