../../../../.git/annex/objects/Qz/x7/MD5E-s25500793--e2c034ffe09fb1d06e3f1d140a3a66cd.tsv/MD5E-s25500793--e2c034ffe09fb1d06e3f1d140a3a66cd.tsv