../../../../.git/annex/objects/v4/33/MD5E-s1249--23b84d74bdf6750f9a13ffc1cec60499.tsv/MD5E-s1249--23b84d74bdf6750f9a13ffc1cec60499.tsv