../../../../.git/annex/objects/91/4g/MD5E-s1249--23bec7d05e2170ebb024563f63d2ac12.tsv/MD5E-s1249--23bec7d05e2170ebb024563f63d2ac12.tsv