../../../../.git/annex/objects/Q5/2p/MD5E-s1015738--c6f0ae4de99b53ee4725b954c0cec76d.tsv/MD5E-s1015738--c6f0ae4de99b53ee4725b954c0cec76d.tsv