../../../../.git/annex/objects/w2/Vv/MD5E-s342432--bf067be8ceb91fd7c56b3b43898502a7.tsv/MD5E-s342432--bf067be8ceb91fd7c56b3b43898502a7.tsv