../../../../.git/annex/objects/2p/42/MD5E-s7359--b44cd8dbd691b35a82739f1365c767a9.tsv/MD5E-s7359--b44cd8dbd691b35a82739f1365c767a9.tsv