../../../../.git/annex/objects/M5/0F/MD5E-s7307--7e03dfac9f92429837c8cd9366943d34.tsv/MD5E-s7307--7e03dfac9f92429837c8cd9366943d34.tsv