../../../../.git/annex/objects/zx/jj/MD5E-s7345--77f5a7edcacda10d3c95c344b1c7e4e9.tsv/MD5E-s7345--77f5a7edcacda10d3c95c344b1c7e4e9.tsv