../../../../.git/annex/objects/28/9p/MD5E-s2257446--0a119e73b59f62141c18b97507f5a9e8.tsv/MD5E-s2257446--0a119e73b59f62141c18b97507f5a9e8.tsv