../../../../.git/annex/objects/QQ/M5/MD5E-s3918081--d31e073092ef8a27ffc2a48cf59ab236.tsv/MD5E-s3918081--d31e073092ef8a27ffc2a48cf59ab236.tsv