../../../../.git/annex/objects/0p/JP/MD5E-s42869--91b48d25c993e2c7cd395da058e95d2e.tsv/MD5E-s42869--91b48d25c993e2c7cd395da058e95d2e.tsv