../../../../.git/annex/objects/gj/P8/MD5E-s269755--56f71dff9d3e9f36a2cba84745f8d11c.tsv/MD5E-s269755--56f71dff9d3e9f36a2cba84745f8d11c.tsv