../../../../.git/annex/objects/7Z/kj/MD5E-s1018224--78e3e5ad4669c54efeffd80736d94af7.tsv/MD5E-s1018224--78e3e5ad4669c54efeffd80736d94af7.tsv