../../../../.git/annex/objects/0p/9V/MD5E-s58744--4e3014571bfc51eaf8c032f017f2cc96.tsv/MD5E-s58744--4e3014571bfc51eaf8c032f017f2cc96.tsv