../../../../.git/annex/objects/25/V8/MD5E-s7335--ce336671065f40ddbac2922cad17c581.tsv/MD5E-s7335--ce336671065f40ddbac2922cad17c581.tsv