../../../../.git/annex/objects/46/xF/MD5E-s632--04b1106705898637ef1d0acc7a6632f9.tsv/MD5E-s632--04b1106705898637ef1d0acc7a6632f9.tsv