../../../../.git/annex/objects/J2/kW/MD5E-s629--677b6dd9389139fc1f3aabcdf3c4cf2f.tsv/MD5E-s629--677b6dd9389139fc1f3aabcdf3c4cf2f.tsv