../../../../.git/annex/objects/0K/Pf/MD5E-s638--5c42b87c893725f3b1ba01e92d2b3df1.tsv/MD5E-s638--5c42b87c893725f3b1ba01e92d2b3df1.tsv