../../../../.git/annex/objects/5P/43/MD5E-s58748--b12709c07b2d6582ad2eda416031c678.tsv/MD5E-s58748--b12709c07b2d6582ad2eda416031c678.tsv