../../../../.git/annex/objects/mf/Jp/MD5E-s7265--bd95c8720428fa37154a3af077fec9a7.tsv/MD5E-s7265--bd95c8720428fa37154a3af077fec9a7.tsv