../../../../.git/annex/objects/35/pV/MD5E-s3908632--303d130224ddcd24627dfd0698605868.tsv/MD5E-s3908632--303d130224ddcd24627dfd0698605868.tsv