../../../../.git/annex/objects/G9/v7/MD5E-s11207--631e78c03a755493a1f9c36d31547e43.tsv/MD5E-s11207--631e78c03a755493a1f9c36d31547e43.tsv