../../../../.git/annex/objects/3Q/XF/MD5E-s270223--5053991ff610906ac631bc8767044e76.tsv/MD5E-s270223--5053991ff610906ac631bc8767044e76.tsv