../../../../.git/annex/objects/2f/4f/MD5E-s825004--08c18111577f7b0fd770639b1225a0e6.tsv/MD5E-s825004--08c18111577f7b0fd770639b1225a0e6.tsv