../../../../.git/annex/objects/wm/0G/MD5E-s1243--bc61eb6683e20500977a6c019981a4e1.tsv/MD5E-s1243--bc61eb6683e20500977a6c019981a4e1.tsv