../../../../.git/annex/objects/2p/v7/MD5E-s4078332--ffb37d409dda7a2096309b0677e442a8.tsv/MD5E-s4078332--ffb37d409dda7a2096309b0677e442a8.tsv