../../../../.git/annex/objects/x4/jF/MD5E-s7361--46f07c590241a1e3d7844c43ca9202c3.tsv/MD5E-s7361--46f07c590241a1e3d7844c43ca9202c3.tsv