../../../../.git/annex/objects/mJ/p4/MD5E-s4070642--77a145a322aed34424b055cbbc6c7849.tsv/MD5E-s4070642--77a145a322aed34424b055cbbc6c7849.tsv