../../../../.git/annex/objects/Q2/8V/MD5E-s632--c378fc5266b297064a365cd53905b80b.tsv/MD5E-s632--c378fc5266b297064a365cd53905b80b.tsv