../../../../.git/annex/objects/Mp/Q5/MD5E-s267157--677afaf205c5fe90aa12575ae5aa4ab2.tsv/MD5E-s267157--677afaf205c5fe90aa12575ae5aa4ab2.tsv