../../../../.git/annex/objects/J6/z2/MD5E-s7349--9ae3cb668de7445a00c684a7f34bfdc5.tsv/MD5E-s7349--9ae3cb668de7445a00c684a7f34bfdc5.tsv