../../../../.git/annex/objects/qJ/9X/MD5E-s1018890--f91da9d8b187f5fa4b86d6558ec54e8b.tsv/MD5E-s1018890--f91da9d8b187f5fa4b86d6558ec54e8b.tsv