../../../../.git/annex/objects/98/jW/MD5E-s342294--61868ab02f73431f50c0964ed2b5a0a8.tsv/MD5E-s342294--61868ab02f73431f50c0964ed2b5a0a8.tsv