../../../../.git/annex/objects/6m/V1/MD5E-s25469786--4755df9c8110a94ad15b8488aa0ac763.tsv/MD5E-s25469786--4755df9c8110a94ad15b8488aa0ac763.tsv