../../../../.git/annex/objects/pQ/66/MD5E-s20955871--8f4616e0b943bdbe2967dadb487e5d0f.tsv/MD5E-s20955871--8f4616e0b943bdbe2967dadb487e5d0f.tsv