../../../../.git/annex/objects/JP/5k/MD5E-s7353--7021be9a0960f1d0d9b01525cf57db50.tsv/MD5E-s7353--7021be9a0960f1d0d9b01525cf57db50.tsv