../../../../.git/annex/objects/7X/Mz/MD5E-s7351--b5a94f2e4db65f8ed34faf9aba041a3a.tsv/MD5E-s7351--b5a94f2e4db65f8ed34faf9aba041a3a.tsv