../../../../.git/annex/objects/9q/VM/MD5E-s269991--960e5b3a97a465a671e9b441273dd4f8.tsv/MD5E-s269991--960e5b3a97a465a671e9b441273dd4f8.tsv