../../../../.git/annex/objects/jp/Q6/MD5E-s11209--9f89d592c13cecae29d9fdb5e6dc6929.tsv/MD5E-s11209--9f89d592c13cecae29d9fdb5e6dc6929.tsv