../../../../.git/annex/objects/Z3/Kj/MD5E-s7381--a4ed7ba3094b891353b9947a4d434af9.tsv/MD5E-s7381--a4ed7ba3094b891353b9947a4d434af9.tsv