../../../../.git/annex/objects/jm/gV/MD5E-s42871--f9a9fedcb513cf85c407a16e17c77d11.tsv/MD5E-s42871--f9a9fedcb513cf85c407a16e17c77d11.tsv