../../../../.git/annex/objects/xf/vq/MD5E-s342736--c26b82fd0ef8010be1462baa5ea1ba85.tsv/MD5E-s342736--c26b82fd0ef8010be1462baa5ea1ba85.tsv