../../../../.git/annex/objects/xq/k7/MD5E-s7353--f83556368cf6cb3d778eb98b108fbb43.tsv/MD5E-s7353--f83556368cf6cb3d778eb98b108fbb43.tsv