../../../../.git/annex/objects/gV/kg/MD5E-s7339--7e9de85745b3b0ef9a6ceb0e3a3591f2.tsv/MD5E-s7339--7e9de85745b3b0ef9a6ceb0e3a3591f2.tsv