../../../../.git/annex/objects/vF/kv/MD5E-s42711--016a2dc0ff79b7585fe3eb7e1c9e28e8.tsv/MD5E-s42711--016a2dc0ff79b7585fe3eb7e1c9e28e8.tsv