../../../../.git/annex/objects/0J/PQ/MD5E-s1239--b71446dd0aa491c2bd53ff0e6a7e0878.tsv/MD5E-s1239--b71446dd0aa491c2bd53ff0e6a7e0878.tsv