../../../../.git/annex/objects/Jf/Wg/MD5E-s1239--8c26451a4b922a75f15547244ff91938.tsv/MD5E-s1239--8c26451a4b922a75f15547244ff91938.tsv