../../../../.git/annex/objects/2p/Q3/MD5E-s7337--e0e0176f855042b491fe3ae76811fd85.tsv/MD5E-s7337--e0e0176f855042b491fe3ae76811fd85.tsv