../../../../.git/annex/objects/MZ/zV/MD5E-s25502232--c755be4ff69af1826e799c8935b4aa7d.tsv/MD5E-s25502232--c755be4ff69af1826e799c8935b4aa7d.tsv