../../../../.git/annex/objects/Mp/z2/MD5E-s7345--816fc5bdf611046bd73674dc2c939ed1.tsv/MD5E-s7345--816fc5bdf611046bd73674dc2c939ed1.tsv