../../../../.git/annex/objects/J3/2q/MD5E-s342718--5567fe31d63e3863979b4c202411794a.tsv/MD5E-s342718--5567fe31d63e3863979b4c202411794a.tsv