../../../../.git/annex/objects/74/82/MD5E-s7345--85735de582abb276e385f0a18757ba54.tsv/MD5E-s7345--85735de582abb276e385f0a18757ba54.tsv