../../../../.git/annex/objects/v7/Ff/MD5E-s20985996--c96f176fb7cedbd28d8dd86992551eaf.tsv/MD5E-s20985996--c96f176fb7cedbd28d8dd86992551eaf.tsv