../../../../.git/annex/objects/wM/1q/MD5E-s826056--80ebefe7da004d954236b01b1ff8fec5.tsv/MD5E-s826056--80ebefe7da004d954236b01b1ff8fec5.tsv