../../../../.git/annex/objects/q2/mJ/MD5E-s20949621--f9bdd550cc98a91a2f4b3b9042540402.tsv/MD5E-s20949621--f9bdd550cc98a91a2f4b3b9042540402.tsv