../../../../.git/annex/objects/10/40/MD5E-s7249--ebb194db299bfbc783e5a5d9bd3bd351.tsv/MD5E-s7249--ebb194db299bfbc783e5a5d9bd3bd351.tsv