../../../../.git/annex/objects/7q/7j/MD5E-s4057880--b7714742b59afd809747f8a3a8a23c8f.tsv/MD5E-s4057880--b7714742b59afd809747f8a3a8a23c8f.tsv