../../../../.git/annex/objects/v2/pW/MD5E-s7327--25640043d9f2418f232de881148d3c1c.tsv/MD5E-s7327--25640043d9f2418f232de881148d3c1c.tsv