../../../../.git/annex/objects/QJ/99/MD5E-s816840--ce70609f472b6f2b0de0dba609936fcc.tsv/MD5E-s816840--ce70609f472b6f2b0de0dba609936fcc.tsv