../../../../.git/annex/objects/j3/M7/MD5E-s4068302--be731fe52361c251050e29dba9c98103.tsv/MD5E-s4068302--be731fe52361c251050e29dba9c98103.tsv