../../../../.git/annex/objects/V1/xV/MD5E-s7363--ea25e0417c3adb8eac2ff11654f7d59c.tsv/MD5E-s7363--ea25e0417c3adb8eac2ff11654f7d59c.tsv