../../../../.git/annex/objects/7J/zW/MD5E-s269975--9ddf9d2f80fdb3833103e92f679bf94a.tsv/MD5E-s269975--9ddf9d2f80fdb3833103e92f679bf94a.tsv