../../../../.git/annex/objects/9P/2g/MD5E-s629--3c05db6736b6c14dccac24381369ab47.tsv/MD5E-s629--3c05db6736b6c14dccac24381369ab47.tsv