../../../../.git/annex/objects/v7/xP/MD5E-s342936--3b3f064f3740d1aa3bbf8b825c83333c.tsv/MD5E-s342936--3b3f064f3740d1aa3bbf8b825c83333c.tsv