../../../../.git/annex/objects/Q8/qv/MD5E-s270207--fb3a8d90786caaf66b7adce1279e9623.tsv/MD5E-s270207--fb3a8d90786caaf66b7adce1279e9623.tsv