../../../../.git/annex/objects/wz/zG/MD5E-s58526--798016726fc71d7780ab9fa47d1651f2.tsv/MD5E-s58526--798016726fc71d7780ab9fa47d1651f2.tsv