../../../../.git/annex/objects/fQ/Xx/MD5E-s7331--d552bb3b331e4ab65d0bdac90efaf14f.tsv/MD5E-s7331--d552bb3b331e4ab65d0bdac90efaf14f.tsv