../../../../.git/annex/objects/X4/8M/MD5E-s820510--9532b2c9826e645e4e700fd1e915271b.tsv/MD5E-s820510--9532b2c9826e645e4e700fd1e915271b.tsv