../../../../.git/annex/objects/gF/91/MD5E-s270061--d194ddc36bf6d762463b1978d0251b2b.tsv/MD5E-s270061--d194ddc36bf6d762463b1978d0251b2b.tsv