../../../../.git/annex/objects/2K/fG/MD5E-s3910072--273750bd5e37cd8e80d21fa07361a465.tsv/MD5E-s3910072--273750bd5e37cd8e80d21fa07361a465.tsv