../../../../.git/annex/objects/fM/q9/MD5E-s1014246--56595f50d668dded51bc8bf8db14ffb6.tsv/MD5E-s1014246--56595f50d668dded51bc8bf8db14ffb6.tsv