../../../../.git/annex/objects/vp/Q8/MD5E-s7349--ba39b72247fb2dcfb29a3929444204e6.tsv/MD5E-s7349--ba39b72247fb2dcfb29a3929444204e6.tsv