../../../../.git/annex/objects/VX/Xv/MD5E-s25459537--7fac8dec9faf96813cc8ca0edcc25676.tsv/MD5E-s25459537--7fac8dec9faf96813cc8ca0edcc25676.tsv