../../../../.git/annex/objects/fZ/j2/MD5E-s1003460--722aa19e628a3648209ab21a69ed74ed.tsv/MD5E-s1003460--722aa19e628a3648209ab21a69ed74ed.tsv