../../../../.git/annex/objects/56/Jp/MD5E-s824654--f1d35070facc5e152223c5d2ba8ea354.tsv/MD5E-s824654--f1d35070facc5e152223c5d2ba8ea354.tsv