../../../../.git/annex/objects/jq/Ww/MD5E-s42773--2f46bfe11fc3d288a604488e563d65dd.tsv/MD5E-s42773--2f46bfe11fc3d288a604488e563d65dd.tsv