../../../../.git/annex/objects/3V/gV/MD5E-s1020028--83f067cd45e992d842b39f3090291746.tsv/MD5E-s1020028--83f067cd45e992d842b39f3090291746.tsv