../../../../.git/annex/objects/4k/q8/MD5E-s7329--c46b81f8b063b03e018e76548e17d0dc.tsv/MD5E-s7329--c46b81f8b063b03e018e76548e17d0dc.tsv