../../../../.git/annex/objects/jj/Fm/MD5E-s1253--722192da486125b5f604b9b9734bf853.tsv/MD5E-s1253--722192da486125b5f604b9b9734bf853.tsv