../../../../.git/annex/objects/qf/g5/MD5E-s1019064--6449b41c8b0c8d2a4110224cb7509d6b.tsv/MD5E-s1019064--6449b41c8b0c8d2a4110224cb7509d6b.tsv