../../../../.git/annex/objects/Zj/wM/MD5E-s1249--e0f511ba102e744a97ef9ecafc373a66.tsv/MD5E-s1249--e0f511ba102e744a97ef9ecafc373a66.tsv