../../../../.git/annex/objects/Xq/xQ/MD5E-s342836--22bbeac0923f4764ce0cff83488cbadb.tsv/MD5E-s342836--22bbeac0923f4764ce0cff83488cbadb.tsv