../../../../.git/annex/objects/pQ/1Q/MD5E-s341166--99fc8e34009280af044f2f65477a154b.tsv/MD5E-s341166--99fc8e34009280af044f2f65477a154b.tsv