../../../../.git/annex/objects/m7/76/MD5E-s4078026--88666e96b5c877f3a41afeaae7240933.tsv/MD5E-s4078026--88666e96b5c877f3a41afeaae7240933.tsv