../../../../.git/annex/objects/ww/45/MD5E-s25430492--738deb1c64f56f21e4244b9728b99bee.tsv/MD5E-s25430492--738deb1c64f56f21e4244b9728b99bee.tsv