../../../../.git/annex/objects/44/Z4/MD5E-s3909856--4f26181b3912b52b08b7dd4024a7153c.tsv/MD5E-s3909856--4f26181b3912b52b08b7dd4024a7153c.tsv