../../../../.git/annex/objects/mQ/VP/MD5E-s1019378--66b5504634ac8710bba8e9eca281ca9c.tsv/MD5E-s1019378--66b5504634ac8710bba8e9eca281ca9c.tsv