../../../../.git/annex/objects/4g/J6/MD5E-s3915650--ec6a77fcc6f9e77684a0e462380ce75a.tsv/MD5E-s3915650--ec6a77fcc6f9e77684a0e462380ce75a.tsv