../../../../.git/annex/objects/VX/fg/MD5E-s7397--704b2f90632893735279fa8817fb9a46.tsv/MD5E-s7397--704b2f90632893735279fa8817fb9a46.tsv