../../../../.git/annex/objects/66/0j/MD5E-s20984824--06489cf052b9cf85d4367eb05c35d6e4.tsv/MD5E-s20984824--06489cf052b9cf85d4367eb05c35d6e4.tsv