../../../../.git/annex/objects/Zz/m2/MD5E-s1008022--72d03e552f4a059d83d61c660760a712.tsv/MD5E-s1008022--72d03e552f4a059d83d61c660760a712.tsv