../../../../.git/annex/objects/kF/0z/MD5E-s4054534--8b79a0b3646346d62e7a84308744804e.tsv/MD5E-s4054534--8b79a0b3646346d62e7a84308744804e.tsv