../../../../.git/annex/objects/MX/GJ/MD5E-s7375--b287ac3927377e6319174050a697d87c.tsv/MD5E-s7375--b287ac3927377e6319174050a697d87c.tsv