../../../../.git/annex/objects/7j/f4/MD5E-s25422848--a2649fb6158627be2373d6481f72e13d.tsv/MD5E-s25422848--a2649fb6158627be2373d6481f72e13d.tsv