../../../../.git/annex/objects/Mm/6k/MD5E-s1249--f797ae07ae7ffa982d7f732667aa5742.tsv/MD5E-s1249--f797ae07ae7ffa982d7f732667aa5742.tsv