../../../../.git/annex/objects/jw/5f/MD5E-s20991559--05e76be8963434bebc075db34deaa63e.tsv/MD5E-s20991559--05e76be8963434bebc075db34deaa63e.tsv