../../../../.git/annex/objects/Zj/x4/MD5E-s3880268--81df9788ea74b7f2f2e56c23c994f95b.tsv/MD5E-s3880268--81df9788ea74b7f2f2e56c23c994f95b.tsv