../../../../.git/annex/objects/4v/8j/MD5E-s2289626--47f0a93b988805f1a4780652c03b9c38.tsv/MD5E-s2289626--47f0a93b988805f1a4780652c03b9c38.tsv