../../../../.git/annex/objects/vw/zQ/MD5E-s826083--8cdbe3f4cf36760dcab4c4ca68a47afd.tsv/MD5E-s826083--8cdbe3f4cf36760dcab4c4ca68a47afd.tsv