../../../../.git/annex/objects/jj/ZQ/MD5E-s58636--d6fbb5b097490701bf0aa18975582c20.tsv/MD5E-s58636--d6fbb5b097490701bf0aa18975582c20.tsv