../../../../.git/annex/objects/9Z/0K/MD5E-s825490--a73a44b475d829b410f2853293ce2abe.tsv/MD5E-s825490--a73a44b475d829b410f2853293ce2abe.tsv