../../../../.git/annex/objects/7j/gP/MD5E-s266815--3cf4259e1901ffd151dd641ade3456ca.tsv/MD5E-s266815--3cf4259e1901ffd151dd641ade3456ca.tsv