../../../../.git/annex/objects/3k/Jf/MD5E-s11221--7c480b6b4d8ab75f4de563b684a56aaf.tsv/MD5E-s11221--7c480b6b4d8ab75f4de563b684a56aaf.tsv