../../../../.git/annex/objects/88/Wv/MD5E-s42855--140cce06bb27ccab3624c8a22eeb5316.tsv/MD5E-s42855--140cce06bb27ccab3624c8a22eeb5316.tsv