../../../../.git/annex/objects/5f/z0/MD5E-s825458--7554f03fa4ba84b3433cfcf4e7eb5ad0.tsv/MD5E-s825458--7554f03fa4ba84b3433cfcf4e7eb5ad0.tsv