../../../../.git/annex/objects/J9/J3/MD5E-s1016290--c80994c6578867dd7ecd40e7aca4b29d.tsv/MD5E-s1016290--c80994c6578867dd7ecd40e7aca4b29d.tsv