../../../../.git/annex/objects/xw/p7/MD5E-s1013684--2a867ad28efbbc0357a43aa288532295.tsv/MD5E-s1013684--2a867ad28efbbc0357a43aa288532295.tsv