../../../../.git/annex/objects/vp/9F/MD5E-s822260--ae50ec3fba815654e9dce33c0f3ba690.tsv/MD5E-s822260--ae50ec3fba815654e9dce33c0f3ba690.tsv