../../../../.git/annex/objects/gv/x8/MD5E-s4071274--1c7ebb790790adb8986d3a4ce4d27649.tsv/MD5E-s4071274--1c7ebb790790adb8986d3a4ce4d27649.tsv