../../../../.git/annex/objects/Ww/jQ/MD5E-s825920--ff4ac477c9800e58ea20e11a429b9f24.tsv/MD5E-s825920--ff4ac477c9800e58ea20e11a429b9f24.tsv