../../../../.git/annex/objects/zf/0F/MD5E-s3909420--c1ca368aa9a2af971254f89a740c1349.tsv/MD5E-s3909420--c1ca368aa9a2af971254f89a740c1349.tsv