../../../../.git/annex/objects/51/m4/MD5E-s1017254--79558905c89d7b2e580c260dda549743.tsv/MD5E-s1017254--79558905c89d7b2e580c260dda549743.tsv