../../../../.git/annex/objects/mm/2Q/MD5E-s4080126--c9c12b1a7179f5749f8bbe65218f77ad.tsv/MD5E-s4080126--c9c12b1a7179f5749f8bbe65218f77ad.tsv