../../../../.git/annex/objects/fP/Km/MD5E-s2289830--d7ae4b538c4d8a8ea365cd81de026104.tsv/MD5E-s2289830--d7ae4b538c4d8a8ea365cd81de026104.tsv