../../../../.git/annex/objects/q4/q7/MD5E-s4065996--762e868272bd23096ddd8e58ff861e82.tsv/MD5E-s4065996--762e868272bd23096ddd8e58ff861e82.tsv