../../../../.git/annex/objects/WQ/kx/MD5E-s7335--81dfc2bebf03bb77906466e076d0e7e4.tsv/MD5E-s7335--81dfc2bebf03bb77906466e076d0e7e4.tsv