../../../../.git/annex/objects/2K/wJ/MD5E-s3901846--fccbb92a03165e4f498e99720b78daae.tsv/MD5E-s3901846--fccbb92a03165e4f498e99720b78daae.tsv