../../../../.git/annex/objects/JM/Wg/MD5E-s825298--079d155d7f2cbdf8bf4bb9aac7520058.tsv/MD5E-s825298--079d155d7f2cbdf8bf4bb9aac7520058.tsv