../../../../.git/annex/objects/X0/Kv/MD5E-s4081306--8e372b1db360565d5977ac3f458b390d.tsv/MD5E-s4081306--8e372b1db360565d5977ac3f458b390d.tsv