../../../../.git/annex/objects/8z/pG/MD5E-s1015574--d3b0f992c5a1ea1c057482b705095b5b.tsv/MD5E-s1015574--d3b0f992c5a1ea1c057482b705095b5b.tsv