../../../../.git/annex/objects/xJ/4P/MD5E-s3918000--f147571c855b551bdfa509be12f1a3b2.tsv/MD5E-s3918000--f147571c855b551bdfa509be12f1a3b2.tsv