../../../../.git/annex/objects/7K/15/MD5E-s4076428--8cb841de194e0069c5407da56ba2f722.tsv/MD5E-s4076428--8cb841de194e0069c5407da56ba2f722.tsv