../../../../.git/annex/objects/KJ/fP/MD5E-s7371--c7660a3484011cc37b5bbeb9becdd9eb.tsv/MD5E-s7371--c7660a3484011cc37b5bbeb9becdd9eb.tsv