../../../../.git/annex/objects/zK/fJ/MD5E-s824126--8f11b564975471abbbfacdd26802ef91.tsv/MD5E-s824126--8f11b564975471abbbfacdd26802ef91.tsv