../../../../.git/annex/objects/91/q4/MD5E-s7363--61ceba1f1d42f03eded2e1c365a8424c.tsv/MD5E-s7363--61ceba1f1d42f03eded2e1c365a8424c.tsv