../../../../.git/annex/objects/pW/MG/MD5E-s7319--707cdf2634ca38abb8a2fcccf6cff21d.tsv/MD5E-s7319--707cdf2634ca38abb8a2fcccf6cff21d.tsv