../../../../.git/annex/objects/q7/fg/MD5E-s822468--02b6d8895bac747a6789650ecc84e528.tsv/MD5E-s822468--02b6d8895bac747a6789650ecc84e528.tsv