../../../../.git/annex/objects/60/Jz/MD5E-s7349--6f141267fa29bfbc125432659f36bbaa.tsv/MD5E-s7349--6f141267fa29bfbc125432659f36bbaa.tsv