../../../../.git/annex/objects/vV/XV/MD5E-s7369--7ec6e4213fa36849401692e61effa894.tsv/MD5E-s7369--7ec6e4213fa36849401692e61effa894.tsv