../../../../.git/annex/objects/Gz/qj/MD5E-s25477958--b603ca4f9fbe479f9151e46579f74690.tsv/MD5E-s25477958--b603ca4f9fbe479f9151e46579f74690.tsv