../../../../.git/annex/objects/KF/jQ/MD5E-s20987879--b6f7e93fe54046b3c264aff19db9ac2b.tsv/MD5E-s20987879--b6f7e93fe54046b3c264aff19db9ac2b.tsv