../../../../.git/annex/objects/P1/QZ/MD5E-s2292746--7ed5c38e0e9924cac1107417517f56ed.tsv/MD5E-s2292746--7ed5c38e0e9924cac1107417517f56ed.tsv