../../../../.git/annex/objects/wX/vf/MD5E-s7347--6ba10042dd0007733ca3f9f61bf946bd.tsv/MD5E-s7347--6ba10042dd0007733ca3f9f61bf946bd.tsv