../../../../.git/annex/objects/8Z/wM/MD5E-s269985--3c295f727fbe64a0fa961701f6d5dd6a.tsv/MD5E-s269985--3c295f727fbe64a0fa961701f6d5dd6a.tsv