../../../../.git/annex/objects/4G/3F/MD5E-s7379--6f58285094eef16f186ead9d8a81c39a.tsv/MD5E-s7379--6f58285094eef16f186ead9d8a81c39a.tsv