../../../../.git/annex/objects/4F/kf/MD5E-s20918129--998caf3116bc815af879fe03d6e9e0a2.tsv/MD5E-s20918129--998caf3116bc815af879fe03d6e9e0a2.tsv