../../../../.git/annex/objects/f4/f4/MD5E-s269955--fec6b619d4c9ce95e09f4679c5264b5c.tsv/MD5E-s269955--fec6b619d4c9ce95e09f4679c5264b5c.tsv