../../../../.git/annex/objects/fw/QQ/MD5E-s20959363--c735865afc5e4629660b76cc3fd70fe6.tsv/MD5E-s20959363--c735865afc5e4629660b76cc3fd70fe6.tsv