../../../../.git/annex/objects/gP/70/MD5E-s20931409--4a12472776145d35ff7548dcd5492779.tsv/MD5E-s20931409--4a12472776145d35ff7548dcd5492779.tsv