../../../../.git/annex/objects/fx/Qw/MD5E-s7379--add3da7bdc2ff516453ac3608ed55723.tsv/MD5E-s7379--add3da7bdc2ff516453ac3608ed55723.tsv