../../../../.git/annex/objects/9G/mP/MD5E-s1251--82cfbadac64a275ffc168cda559af0b8.tsv/MD5E-s1251--82cfbadac64a275ffc168cda559af0b8.tsv