../../../../.git/annex/objects/xF/79/MD5E-s7331--c4454cea6f833eff299c2fb8ae519348.tsv/MD5E-s7331--c4454cea6f833eff299c2fb8ae519348.tsv