../../../../.git/annex/objects/Qq/zG/MD5E-s627--9facfbaa36543e9441112a76ec639b1a.tsv/MD5E-s627--9facfbaa36543e9441112a76ec639b1a.tsv