../../../../.git/annex/objects/2K/kq/MD5E-s3910720--e0345e68e2c52f0f11781519c3d1461b.tsv/MD5E-s3910720--e0345e68e2c52f0f11781519c3d1461b.tsv