../../../../.git/annex/objects/Qv/Gq/MD5E-s342322--03e89eee839b0db48c7768a2f1c6c75a.tsv/MD5E-s342322--03e89eee839b0db48c7768a2f1c6c75a.tsv