../../../../.git/annex/objects/47/Q6/MD5E-s58858--90ca42b5285fa4a7e374b998c10209b4.tsv/MD5E-s58858--90ca42b5285fa4a7e374b998c10209b4.tsv