../../../../.git/annex/objects/M6/7g/MD5E-s1015840--eb407c56f547bebf5c052394767b6197.tsv/MD5E-s1015840--eb407c56f547bebf5c052394767b6197.tsv