../../../../.git/annex/objects/kM/f3/MD5E-s20991983--737d2c62a10b4e2a8cd3a53bdd6ff513.tsv/MD5E-s20991983--737d2c62a10b4e2a8cd3a53bdd6ff513.tsv