../../../../.git/annex/objects/p9/GW/MD5E-s20931867--6dbba8f256d44adf3b3b0a8a5bb428d4.tsv/MD5E-s20931867--6dbba8f256d44adf3b3b0a8a5bb428d4.tsv