../../../../.git/annex/objects/v8/W5/MD5E-s340052--d29546408b2f4dc87fe9014326498bf7.tsv/MD5E-s340052--d29546408b2f4dc87fe9014326498bf7.tsv