../../../../.git/annex/objects/P4/J9/MD5E-s269719--24f730218005256737bcedf8bcf2153c.tsv/MD5E-s269719--24f730218005256737bcedf8bcf2153c.tsv