../../../../.git/annex/objects/6M/wP/MD5E-s630--18c0294fae99a842f03ed171b166c222.tsv/MD5E-s630--18c0294fae99a842f03ed171b166c222.tsv