../../../../.git/annex/objects/p9/m5/MD5E-s7339--b74bb45e34dcb2188496fd35cf49f8db.tsv/MD5E-s7339--b74bb45e34dcb2188496fd35cf49f8db.tsv