../../../../.git/annex/objects/22/vw/MD5E-s270283--9ea00ca424c6d4994e210aed49da19ee.tsv/MD5E-s270283--9ea00ca424c6d4994e210aed49da19ee.tsv