../../../../.git/annex/objects/V0/4g/MD5E-s825228--5968e876370367ed4f85a003b152eae5.tsv/MD5E-s825228--5968e876370367ed4f85a003b152eae5.tsv