../../../../.git/annex/objects/vW/Wj/MD5E-s633--a17c1101d8bd2e16c6f53ec995b3cde3.tsv/MD5E-s633--a17c1101d8bd2e16c6f53ec995b3cde3.tsv