../../../../.git/annex/objects/z9/vw/MD5E-s268027--0bf1b25548889b553b0bb8c8c8091a6b.tsv/MD5E-s268027--0bf1b25548889b553b0bb8c8c8091a6b.tsv