../../../../.git/annex/objects/g1/Mf/MD5E-s58366--b90651b0e547a1066d24c2ee79650500.tsv/MD5E-s58366--b90651b0e547a1066d24c2ee79650500.tsv