../../../../.git/annex/objects/64/Mj/MD5E-s267963--e218e08f597cc1667f95fae59573491d.tsv/MD5E-s267963--e218e08f597cc1667f95fae59573491d.tsv