../../../../.git/annex/objects/qZ/3w/MD5E-s269357--c1d89bff1859322b287149a11f8f03d1.tsv/MD5E-s269357--c1d89bff1859322b287149a11f8f03d1.tsv