../../../../.git/annex/objects/m9/29/MD5E-s270135--d20c8fae2ae85052f2ba610657bda4a6.tsv/MD5E-s270135--d20c8fae2ae85052f2ba610657bda4a6.tsv