../../../../.git/annex/objects/g7/Mj/MD5E-s1239--113de3131b027a21af2ec7d812e00486.tsv/MD5E-s1239--113de3131b027a21af2ec7d812e00486.tsv