../../../../.git/annex/objects/ZJ/1m/MD5E-s20991975--a6c111b4a2a3c31b7b98ccc806aa92b6.tsv/MD5E-s20991975--a6c111b4a2a3c31b7b98ccc806aa92b6.tsv