../../../../.git/annex/objects/zV/Fm/MD5E-s825574--4c5090c1ef781d989453bda8697023ce.tsv/MD5E-s825574--4c5090c1ef781d989453bda8697023ce.tsv