../../../../.git/annex/objects/xm/1v/MD5E-s42709--fd7092f8f20511b6e2b73bb2fee6821a.tsv/MD5E-s42709--fd7092f8f20511b6e2b73bb2fee6821a.tsv