../../../../.git/annex/objects/FJ/Pw/MD5E-s1243--6fe372c03b921d42d765a767db75f64a.tsv/MD5E-s1243--6fe372c03b921d42d765a767db75f64a.tsv