../../../../.git/annex/objects/W1/Q4/MD5E-s1019618--1858981713b78201788a8d2b6ecd2776.tsv/MD5E-s1019618--1858981713b78201788a8d2b6ecd2776.tsv