../../../../.git/annex/objects/4Z/W1/MD5E-s11175--7407751dd8a50c7746052ddbff20caa6.tsv/MD5E-s11175--7407751dd8a50c7746052ddbff20caa6.tsv