../../../../.git/annex/objects/Xp/89/MD5E-s7405--3bef52122d6e5b690fea51694d024baf.tsv/MD5E-s7405--3bef52122d6e5b690fea51694d024baf.tsv