../../../../.git/annex/objects/28/zv/MD5E-s3912354--88d43c1bfd5c2cc3e5948b8b54d01f51.tsv/MD5E-s3912354--88d43c1bfd5c2cc3e5948b8b54d01f51.tsv