../../../../.git/annex/objects/JJ/KM/MD5E-s7353--10506a7cb5af199bde9bed430d19c01d.tsv/MD5E-s7353--10506a7cb5af199bde9bed430d19c01d.tsv