../../../../.git/annex/objects/q7/x1/MD5E-s58726--810982a168551c64a94a69ae6e3b41a5.tsv/MD5E-s58726--810982a168551c64a94a69ae6e3b41a5.tsv