../../../../.git/annex/objects/kM/5k/MD5E-s821176--9fe4db24aec45733a806ce35cdfe93e5.tsv/MD5E-s821176--9fe4db24aec45733a806ce35cdfe93e5.tsv