../../../../.git/annex/objects/z2/Ff/MD5E-s4081834--9ed96a276aa9c0a3c0354d3712a913a8.tsv/MD5E-s4081834--9ed96a276aa9c0a3c0354d3712a913a8.tsv