../../../../.git/annex/objects/Fq/vp/MD5E-s25407740--7771a9534af864102cad58e835c939cd.tsv/MD5E-s25407740--7771a9534af864102cad58e835c939cd.tsv