../../../../.git/annex/objects/95/mF/MD5E-s7349--2e2128aaf54329932734f4a3c7a9844b.tsv/MD5E-s7349--2e2128aaf54329932734f4a3c7a9844b.tsv