../../../../.git/annex/objects/Zx/pz/MD5E-s1251--6c7741b4ad01e92b1fab87d9eec23fa4.tsv/MD5E-s1251--6c7741b4ad01e92b1fab87d9eec23fa4.tsv