../../../../.git/annex/objects/kK/pw/MD5E-s4080380--eabde877be820a51b4354958c7002bd0.tsv/MD5E-s4080380--eabde877be820a51b4354958c7002bd0.tsv