../../../../.git/annex/objects/fX/7v/MD5E-s7345--73220be5a68e16d58a7d60170040bb59.tsv/MD5E-s7345--73220be5a68e16d58a7d60170040bb59.tsv