../../../../.git/annex/objects/40/qz/MD5E-s58728--291662dac383e1847a1b3baa93cef4e1.tsv/MD5E-s58728--291662dac383e1847a1b3baa93cef4e1.tsv