../../../../.git/annex/objects/V7/0g/MD5E-s1229--a3cfb4f5f7180f2fd42d42c9cc828b74.tsv/MD5E-s1229--a3cfb4f5f7180f2fd42d42c9cc828b74.tsv