../../../../.git/annex/objects/Kv/vg/MD5E-s1225--36f10c7f3b885ea12e4755e344f209c0.tsv/MD5E-s1225--36f10c7f3b885ea12e4755e344f209c0.tsv