../../../../.git/annex/objects/40/12/MD5E-s1020128--40b852caa1f4d00a284bcf1ef38a1501.tsv/MD5E-s1020128--40b852caa1f4d00a284bcf1ef38a1501.tsv