../../../../.git/annex/objects/M3/3g/MD5E-s25491660--cb69faf9330b0436c30dc024e68126c2.tsv/MD5E-s25491660--cb69faf9330b0436c30dc024e68126c2.tsv