../../../../.git/annex/objects/gg/Mq/MD5E-s7375--7143a06a9d37a525910b48ae2210c268.tsv/MD5E-s7375--7143a06a9d37a525910b48ae2210c268.tsv