../../../../.git/annex/objects/MQ/m8/MD5E-s636--2dc159079e9ce11e2219ec4023325afc.tsv/MD5E-s636--2dc159079e9ce11e2219ec4023325afc.tsv