../../../../.git/annex/objects/MJ/z4/MD5E-s1237--e213e0dba35d0fbec894f1282f579e75.tsv/MD5E-s1237--e213e0dba35d0fbec894f1282f579e75.tsv