../../../../.git/annex/objects/Jq/w8/MD5E-s3917372--f132b8038150da6d7200916375d4a66c.tsv/MD5E-s3917372--f132b8038150da6d7200916375d4a66c.tsv