../../../../.git/annex/objects/3z/Jz/MD5E-s42737--35ed526e849b82dc12ca5b9f71b7c61c.tsv/MD5E-s42737--35ed526e849b82dc12ca5b9f71b7c61c.tsv