../../../../.git/annex/objects/Gv/0x/MD5E-s25459710--8b5ee797b3df92ab256206151e39393c.tsv/MD5E-s25459710--8b5ee797b3df92ab256206151e39393c.tsv