../../../../.git/annex/objects/02/7z/MD5E-s7375--ae721f09fc05bcd764773385e816ec31.tsv/MD5E-s7375--ae721f09fc05bcd764773385e816ec31.tsv