../../../../.git/annex/objects/Qq/1x/MD5E-s3917288--650b406dc108c6916af721acf7563e89.tsv/MD5E-s3917288--650b406dc108c6916af721acf7563e89.tsv