../../../../.git/annex/objects/Z9/8q/MD5E-s342646--d650839956ef5689734efd9305660e38.tsv/MD5E-s342646--d650839956ef5689734efd9305660e38.tsv