../../../../.git/annex/objects/pM/Mm/MD5E-s4084660--48c7f3701a2e135914b63d04aa4a476a.tsv/MD5E-s4084660--48c7f3701a2e135914b63d04aa4a476a.tsv