../../../../.git/annex/objects/0x/vV/MD5E-s1017694--fa75d3021e0c0a9511de2249eb931243.tsv/MD5E-s1017694--fa75d3021e0c0a9511de2249eb931243.tsv