../../../../.git/annex/objects/gW/xz/MD5E-s2295072--54055420b63b5cea374e636fc294ed2b.tsv/MD5E-s2295072--54055420b63b5cea374e636fc294ed2b.tsv