../../../../.git/annex/objects/k3/kP/MD5E-s269909--d1372269662613e63d90236a819268c5.tsv/MD5E-s269909--d1372269662613e63d90236a819268c5.tsv