../../../../.git/annex/objects/Qz/Kv/MD5E-s11173--695c3fe3aa914d2a44c6145b51f81a4f.tsv/MD5E-s11173--695c3fe3aa914d2a44c6145b51f81a4f.tsv