../../../../.git/annex/objects/kv/J9/MD5E-s825234--ad33a70c15c4a2d5f58ced54452ad09f.tsv/MD5E-s825234--ad33a70c15c4a2d5f58ced54452ad09f.tsv