../../../../.git/annex/objects/FF/Vv/MD5E-s7383--5763d92c09e6c6e25f3287db121d5688.tsv/MD5E-s7383--5763d92c09e6c6e25f3287db121d5688.tsv