../../../../.git/annex/objects/qZ/8z/MD5E-s1263--eddfc11ee668d864916be0f084270c69.tsv/MD5E-s1263--eddfc11ee668d864916be0f084270c69.tsv