../../../../.git/annex/objects/w4/0z/MD5E-s7343--cb761c15a048ef231f37326ab11c9d1e.tsv/MD5E-s7343--cb761c15a048ef231f37326ab11c9d1e.tsv