../../../../.git/annex/objects/7F/vJ/MD5E-s11207--30026a63cbbca2229f5db684fda39f2a.tsv/MD5E-s11207--30026a63cbbca2229f5db684fda39f2a.tsv