../../../../.git/annex/objects/73/X9/MD5E-s58744--7497f78329abe75c23d74235f1541cf4.tsv/MD5E-s58744--7497f78329abe75c23d74235f1541cf4.tsv