../../../../.git/annex/objects/84/Kj/MD5E-s1007912--b7dad7321363ec0268bb9eb0774dd0e6.tsv/MD5E-s1007912--b7dad7321363ec0268bb9eb0774dd0e6.tsv