../../../../.git/annex/objects/P3/f4/MD5E-s817754--d158d2ad840e2d8553936011929b0202.tsv/MD5E-s817754--d158d2ad840e2d8553936011929b0202.tsv