../../../../.git/annex/objects/16/Qq/MD5E-s4086048--e4bb101bbd400698cce865a89f7c2d1b.tsv/MD5E-s4086048--e4bb101bbd400698cce865a89f7c2d1b.tsv