../../../../.git/annex/objects/JJ/25/MD5E-s2296666--ba74675e9ec5fb2642fc2c10e7ce1bc9.tsv/MD5E-s2296666--ba74675e9ec5fb2642fc2c10e7ce1bc9.tsv