../../../../.git/annex/objects/ww/7m/MD5E-s7373--5ba3e7eb519642da8d0fbb1645af840b.tsv/MD5E-s7373--5ba3e7eb519642da8d0fbb1645af840b.tsv