../../../../.git/annex/objects/vQ/Xj/MD5E-s11195--2bc83b65701c38251388e1b34ee693ec.tsv/MD5E-s11195--2bc83b65701c38251388e1b34ee693ec.tsv