../../../../.git/annex/objects/Wg/4p/MD5E-s3894814--3094ee5f19d1905033b8cb2eecda40d9.tsv/MD5E-s3894814--3094ee5f19d1905033b8cb2eecda40d9.tsv