../../../../.git/annex/objects/Qm/jV/MD5E-s342966--2bc14779bdd9e8a5ace4ee6df4414042.tsv/MD5E-s342966--2bc14779bdd9e8a5ace4ee6df4414042.tsv