../../../../.git/annex/objects/0w/Ff/MD5E-s58574--5cc5787827b419c4507efae3d8f29a22.tsv/MD5E-s58574--5cc5787827b419c4507efae3d8f29a22.tsv