../../../../.git/annex/objects/1V/MQ/MD5E-s825562--56838ede549e9b83e63f847a1e11bacc.tsv/MD5E-s825562--56838ede549e9b83e63f847a1e11bacc.tsv