../../../../.git/annex/objects/01/vW/MD5E-s1020080--0997d7df29a96e5729d9167972cbc5b4.tsv/MD5E-s1020080--0997d7df29a96e5729d9167972cbc5b4.tsv