../../../../.git/annex/objects/KX/5z/MD5E-s58094--80516c41da1e25530b1db2c06fa0e719.tsv/MD5E-s58094--80516c41da1e25530b1db2c06fa0e719.tsv