../../../../.git/annex/objects/QJ/7Q/MD5E-s20896031--d858ce1eb4b89453b96571c2c0603ed2.tsv/MD5E-s20896031--d858ce1eb4b89453b96571c2c0603ed2.tsv