../../../../.git/annex/objects/mK/vp/MD5E-s2280322--b9a8c6eb905c885179dfab5dd97d22eb.tsv/MD5E-s2280322--b9a8c6eb905c885179dfab5dd97d22eb.tsv