../../../../.git/annex/objects/XX/Kv/MD5E-s337738--f374015b66dc9cadd34b209118b826eb.tsv/MD5E-s337738--f374015b66dc9cadd34b209118b826eb.tsv