../../../../.git/annex/objects/vp/zm/MD5E-s42875--7ac685c10b7666a64006389a9e608619.tsv/MD5E-s42875--7ac685c10b7666a64006389a9e608619.tsv