../../../../.git/annex/objects/9M/v7/MD5E-s625--4b390df8bf3f9b0d46518f3d0923277c.tsv/MD5E-s625--4b390df8bf3f9b0d46518f3d0923277c.tsv