../../../../.git/annex/objects/WG/x7/MD5E-s269269--163e9a1f1b4a2470cc045f645e7b6a24.tsv/MD5E-s269269--163e9a1f1b4a2470cc045f645e7b6a24.tsv