../../../../.git/annex/objects/JV/WZ/MD5E-s42503--f8f3c608eb6eb00ccc7b78072eef9611.tsv/MD5E-s42503--f8f3c608eb6eb00ccc7b78072eef9611.tsv