../../../../.git/annex/objects/92/Xz/MD5E-s20948127--b750379145b0f4a08d58f3777c0197b1.tsv/MD5E-s20948127--b750379145b0f4a08d58f3777c0197b1.tsv