../../../../.git/annex/objects/gf/PG/MD5E-s11151--b75951e2ec6c796034f6ef4192149a4b.tsv/MD5E-s11151--b75951e2ec6c796034f6ef4192149a4b.tsv