../../../../.git/annex/objects/5G/4Z/MD5E-s42779--0b4d9327840b6c7e948dc6795f483cac.tsv/MD5E-s42779--0b4d9327840b6c7e948dc6795f483cac.tsv