../../../../.git/annex/objects/wv/MF/MD5E-s815294--6b4d0c6093cb8f6d2c05389f61e7c6e6.tsv/MD5E-s815294--6b4d0c6093cb8f6d2c05389f61e7c6e6.tsv