../../../../.git/annex/objects/w7/X9/MD5E-s7357--a2604d3d6eaa26ceb2b56d9ab59f7821.tsv/MD5E-s7357--a2604d3d6eaa26ceb2b56d9ab59f7821.tsv