../../../../.git/annex/objects/2Q/60/MD5E-s25484681--407976ca5dfd1df977c918125b05451b.tsv/MD5E-s25484681--407976ca5dfd1df977c918125b05451b.tsv