../../../../.git/annex/objects/Vg/vF/MD5E-s270295--ceadb7e4824d331a05b258025d705e5b.tsv/MD5E-s270295--ceadb7e4824d331a05b258025d705e5b.tsv