../../../../.git/annex/objects/qx/Q6/MD5E-s1015744--23a0fe2b1680da455cafa498d4c2c1e0.tsv/MD5E-s1015744--23a0fe2b1680da455cafa498d4c2c1e0.tsv