../../../../.git/annex/objects/95/kj/MD5E-s58886--9e9718713784897b7b2217791a3cc4e2.tsv/MD5E-s58886--9e9718713784897b7b2217791a3cc4e2.tsv