../../../../.git/annex/objects/qJ/P1/MD5E-s25507850--033363928b438f707cc78c623e0f3637.tsv/MD5E-s25507850--033363928b438f707cc78c623e0f3637.tsv