../../../../.git/annex/objects/kJ/vz/MD5E-s7361--c18d12e268442c3287f6439b6cfaedf4.tsv/MD5E-s7361--c18d12e268442c3287f6439b6cfaedf4.tsv