../../../../.git/annex/objects/jm/qk/MD5E-s7353--b285126d1ae8762a65ef3e614d973426.tsv/MD5E-s7353--b285126d1ae8762a65ef3e614d973426.tsv