../../../../.git/annex/objects/VZ/ff/MD5E-s42793--ce24e1063303349451b06dae51e5a5e3.tsv/MD5E-s42793--ce24e1063303349451b06dae51e5a5e3.tsv