../../../../.git/annex/objects/VW/07/MD5E-s42837--1142fa53f1a88d5911834c83d722f26d.tsv/MD5E-s42837--1142fa53f1a88d5911834c83d722f26d.tsv