../../../../.git/annex/objects/fJ/1F/MD5E-s825710--a5afce8f139792804b5960378e2dc4db.tsv/MD5E-s825710--a5afce8f139792804b5960378e2dc4db.tsv