../../../../.git/annex/objects/6f/m1/MD5E-s3914820--2c847ab2710f4ba1f089e3361cd7eb6e.tsv/MD5E-s3914820--2c847ab2710f4ba1f089e3361cd7eb6e.tsv