../../../../.git/annex/objects/Jw/WW/MD5E-s826160--c8e8c6abfc5409cb215425fb2e6bc32b.tsv/MD5E-s826160--c8e8c6abfc5409cb215425fb2e6bc32b.tsv