../../../../.git/annex/objects/PP/Qx/MD5E-s20995064--ae1371bf25b37dd7fea208a35c781781.tsv/MD5E-s20995064--ae1371bf25b37dd7fea208a35c781781.tsv