../../../../.git/annex/objects/M5/kv/MD5E-s7361--884f20c0163a61c53bf31e6c608e0d0e.tsv/MD5E-s7361--884f20c0163a61c53bf31e6c608e0d0e.tsv