../../../../.git/annex/objects/Qq/0z/MD5E-s632--7421d37bf1f6bd9e79446da9b651c2e6.tsv/MD5E-s632--7421d37bf1f6bd9e79446da9b651c2e6.tsv