../../../../.git/annex/objects/f6/z4/MD5E-s826236--22535c0f76661432efea27411e231c3e.tsv/MD5E-s826236--22535c0f76661432efea27411e231c3e.tsv