../../../../.git/annex/objects/mM/Ww/MD5E-s11215--71da76a9aabde245e332df150f31a801.tsv/MD5E-s11215--71da76a9aabde245e332df150f31a801.tsv