../../../../.git/annex/objects/90/vG/MD5E-s25504381--57d9e5ed1e0f9484fcad04f533e4fd58.tsv/MD5E-s25504381--57d9e5ed1e0f9484fcad04f533e4fd58.tsv