../../../../.git/annex/objects/Pf/65/MD5E-s1239--413b7d54fe6422c564f0a82d0f85332d.tsv/MD5E-s1239--413b7d54fe6422c564f0a82d0f85332d.tsv