../../../../.git/annex/objects/JK/vG/MD5E-s7331--09aee96e375698cb972a0fe897065619.tsv/MD5E-s7331--09aee96e375698cb972a0fe897065619.tsv