../../../../.git/annex/objects/zG/pj/MD5E-s1017462--3601ab9c10ab2792d665733e9c5d0fbc.tsv/MD5E-s1017462--3601ab9c10ab2792d665733e9c5d0fbc.tsv