../../../../.git/annex/objects/fX/KM/MD5E-s7291--febc896917205015fef4b811c9d6a3ac.tsv/MD5E-s7291--febc896917205015fef4b811c9d6a3ac.tsv