../../../../.git/annex/objects/mQ/FP/MD5E-s4072602--ff9209ce5242a32daff777fb8b6d4e43.tsv/MD5E-s4072602--ff9209ce5242a32daff777fb8b6d4e43.tsv