../../../../.git/annex/objects/xm/5k/MD5E-s7379--f50e170483208f3c62601446a266b0f0.tsv/MD5E-s7379--f50e170483208f3c62601446a266b0f0.tsv