../../../../.git/annex/objects/GK/pP/MD5E-s7349--7079c6d8d89b7a1548013352a882db21.tsv/MD5E-s7349--7079c6d8d89b7a1548013352a882db21.tsv