../../../../.git/annex/objects/VJ/pZ/MD5E-s7335--1c948d9b051de0aed1372e513eddc669.tsv/MD5E-s7335--1c948d9b051de0aed1372e513eddc669.tsv