../../../../.git/annex/objects/ww/4V/MD5E-s3912522--a55ca72fb2b09c86bd614a65f1944d80.tsv/MD5E-s3912522--a55ca72fb2b09c86bd614a65f1944d80.tsv