../../../../.git/annex/objects/02/91/MD5E-s7383--091e57a7a13023d0876a2dc3b5272a3f.tsv/MD5E-s7383--091e57a7a13023d0876a2dc3b5272a3f.tsv