../../../../.git/annex/objects/0Q/w6/MD5E-s825744--07c290d6eac43e7de7d45a443eb19b23.tsv/MD5E-s825744--07c290d6eac43e7de7d45a443eb19b23.tsv