../../../../.git/annex/objects/zQ/gz/MD5E-s1017738--3c7667341be5ad958388495abd2e15dd.tsv/MD5E-s1017738--3c7667341be5ad958388495abd2e15dd.tsv