../../../../.git/annex/objects/z9/9X/MD5E-s42853--aa7e97a9c14cdb2bd37727755880358c.tsv/MD5E-s42853--aa7e97a9c14cdb2bd37727755880358c.tsv