../../../../.git/annex/objects/96/Kg/MD5E-s58648--6083ff027780274e13ffdd7f53f2f20c.tsv/MD5E-s58648--6083ff027780274e13ffdd7f53f2f20c.tsv