../../../../.git/annex/objects/2j/Mp/MD5E-s1225--f55a501b3f24dc907bc3c2b472b4d50b.tsv/MD5E-s1225--f55a501b3f24dc907bc3c2b472b4d50b.tsv