../../../../.git/annex/objects/xX/vF/MD5E-s11213--44c2da09b73257ad714fc156cd8b492b.tsv/MD5E-s11213--44c2da09b73257ad714fc156cd8b492b.tsv