../../../../.git/annex/objects/mG/4z/MD5E-s7355--ccd5cd44db8004c19ccf4950bb6dec33.tsv/MD5E-s7355--ccd5cd44db8004c19ccf4950bb6dec33.tsv