../../../../.git/annex/objects/Wj/Q7/MD5E-s1023795--38c85f2cad6b37b936d0d946196afddb.tsv/MD5E-s1023795--38c85f2cad6b37b936d0d946196afddb.tsv