../../../../.git/annex/objects/G6/Z7/MD5E-s825608--2583b9b5e7a9549154a5bfde79023e40.tsv/MD5E-s825608--2583b9b5e7a9549154a5bfde79023e40.tsv