../../../../.git/annex/objects/9V/kX/MD5E-s42883--aa230b06460852f68881e0718c284bbc.tsv/MD5E-s42883--aa230b06460852f68881e0718c284bbc.tsv