../../../../.git/annex/objects/xv/g5/MD5E-s25467918--331c6f3413ae77ab161e656d91b7be54.tsv/MD5E-s25467918--331c6f3413ae77ab161e656d91b7be54.tsv