../../../../.git/annex/objects/PJ/QF/MD5E-s3913366--02e177185c8fcc661243f5e8c8b05e92.tsv/MD5E-s3913366--02e177185c8fcc661243f5e8c8b05e92.tsv