../../../../.git/annex/objects/7q/Z5/MD5E-s1015436--48267b573e3b13945a9b6449d55b0260.tsv/MD5E-s1015436--48267b573e3b13945a9b6449d55b0260.tsv