../../../../.git/annex/objects/QV/0K/MD5E-s825140--3541207ec93ee1a7e3942c3441ebe7d9.tsv/MD5E-s825140--3541207ec93ee1a7e3942c3441ebe7d9.tsv