../../../../.git/annex/objects/xJ/14/MD5E-s42911--c1455ce36b1a0321032f7a1fd7619c77.tsv/MD5E-s42911--c1455ce36b1a0321032f7a1fd7619c77.tsv