../../../../.git/annex/objects/98/4v/MD5E-s814966--d4df58be7abe55837dbf98f1b554e11d.tsv/MD5E-s814966--d4df58be7abe55837dbf98f1b554e11d.tsv