../../../../.git/annex/objects/v5/jW/MD5E-s25283474--266141075e1d5d3f9b2903fd1538ffdf.tsv/MD5E-s25283474--266141075e1d5d3f9b2903fd1538ffdf.tsv