../../../../.git/annex/objects/Z5/Q4/MD5E-s269961--996aba00780fac31471b829171b2a818.tsv/MD5E-s269961--996aba00780fac31471b829171b2a818.tsv