../../../../.git/annex/objects/q0/m4/MD5E-s3919904--911b821eff3522b70fc2cfb95051201c.tsv/MD5E-s3919904--911b821eff3522b70fc2cfb95051201c.tsv