../../../../.git/annex/objects/2K/28/MD5E-s1251--7edb37c8bb2e7e56fe33a3cca61a5c60.tsv/MD5E-s1251--7edb37c8bb2e7e56fe33a3cca61a5c60.tsv