../../../../.git/annex/objects/fv/F5/MD5E-s2294306--7ec68214baaa4fb9f12874566947d56d.tsv/MD5E-s2294306--7ec68214baaa4fb9f12874566947d56d.tsv