../../../../.git/annex/objects/jz/X9/MD5E-s2287988--52249774632d9876cbd5a44c50da83c5.tsv/MD5E-s2287988--52249774632d9876cbd5a44c50da83c5.tsv