../../../../.git/annex/objects/x7/j5/MD5E-s1017132--683c4158004bd2387e600b7e28d29557.tsv/MD5E-s1017132--683c4158004bd2387e600b7e28d29557.tsv