../../../../.git/annex/objects/Jj/pJ/MD5E-s824750--484c44e8c90b0779e3c94a124e511ead.tsv/MD5E-s824750--484c44e8c90b0779e3c94a124e511ead.tsv