../../../../.git/annex/objects/90/Kg/MD5E-s3909150--7a7eb8efc1482fe2934a63771906a08e.tsv/MD5E-s3909150--7a7eb8efc1482fe2934a63771906a08e.tsv