../../../../.git/annex/objects/9F/mZ/MD5E-s7329--9da81a783a019a9578245d0b51f3d674.tsv/MD5E-s7329--9da81a783a019a9578245d0b51f3d674.tsv