../../../../.git/annex/objects/Pz/qw/MD5E-s632--cc48dd1468fa9f4e992d51a5c482ef8d.tsv/MD5E-s632--cc48dd1468fa9f4e992d51a5c482ef8d.tsv