../../../../.git/annex/objects/QK/Qf/MD5E-s826616--5fb5aed5907fc8a9068a17ff1e116edd.tsv/MD5E-s826616--5fb5aed5907fc8a9068a17ff1e116edd.tsv