../../../../.git/annex/objects/0q/VM/MD5E-s3920272--00c3baee885c69c835f25918f9eb0c8c.tsv/MD5E-s3920272--00c3baee885c69c835f25918f9eb0c8c.tsv