../../../../.git/annex/objects/Pp/pF/MD5E-s3914224--d1ca1b7bbc77456ce8db8218bf5fa272.tsv/MD5E-s3914224--d1ca1b7bbc77456ce8db8218bf5fa272.tsv