../../../../.git/annex/objects/Vg/Mm/MD5E-s1020786--a89cce07a21073bbce7e52eb6bad562e.tsv/MD5E-s1020786--a89cce07a21073bbce7e52eb6bad562e.tsv