../../../../.git/annex/objects/XW/8V/MD5E-s11225--0985c19e91f19d386262b6276b42bffb.tsv/MD5E-s11225--0985c19e91f19d386262b6276b42bffb.tsv