../../../../.git/annex/objects/q6/jZ/MD5E-s3909428--58ff3273db17eee7aef91a60208c5f53.tsv/MD5E-s3909428--58ff3273db17eee7aef91a60208c5f53.tsv