../../../../.git/annex/objects/xq/j3/MD5E-s4070220--8b7b5eb54b6ae1748f8847a78be5e42a.tsv/MD5E-s4070220--8b7b5eb54b6ae1748f8847a78be5e42a.tsv