../../../../.git/annex/objects/v1/Wp/MD5E-s42597--ebf81919079b95451761efd69855bff3.tsv/MD5E-s42597--ebf81919079b95451761efd69855bff3.tsv