../../../../.git/annex/objects/8f/Ww/MD5E-s270047--bbbb6a2cadbc7c36d90c7547d8cca419.tsv/MD5E-s270047--bbbb6a2cadbc7c36d90c7547d8cca419.tsv