../../../../.git/annex/objects/34/f8/MD5E-s1251--fcfb46ac42196777669ae37d62df1912.tsv/MD5E-s1251--fcfb46ac42196777669ae37d62df1912.tsv