../../../../.git/annex/objects/wV/G6/MD5E-s4070126--0a50120334291f78bf00107a2a6ae445.tsv/MD5E-s4070126--0a50120334291f78bf00107a2a6ae445.tsv