../../../../.git/annex/objects/j3/vZ/MD5E-s339898--5b55967588e85be735163a4155f5aa9d.tsv/MD5E-s339898--5b55967588e85be735163a4155f5aa9d.tsv