../../../../.git/annex/objects/7z/vM/MD5E-s7373--afa33a91e14cba10e2167df0759a73dc.tsv/MD5E-s7373--afa33a91e14cba10e2167df0759a73dc.tsv