../../../../.git/annex/objects/zv/fX/MD5E-s825772--358b79caf3d7c71f7b0e1ac0f186258b.tsv/MD5E-s825772--358b79caf3d7c71f7b0e1ac0f186258b.tsv