../../../../.git/annex/objects/jZ/z8/MD5E-s2294022--d593d3b3c6c00e470961c3eace13992f.tsv/MD5E-s2294022--d593d3b3c6c00e470961c3eace13992f.tsv