../../../../.git/annex/objects/2P/3k/MD5E-s2250026--d2abdb5ba5fc1f7139e90e30ef5b0036.tsv/MD5E-s2250026--d2abdb5ba5fc1f7139e90e30ef5b0036.tsv