../../../../.git/annex/objects/P8/P9/MD5E-s342916--167ac4343a83b2a9cd770715db012cc3.tsv/MD5E-s342916--167ac4343a83b2a9cd770715db012cc3.tsv