../../../../.git/annex/objects/66/xM/MD5E-s3917132--45d22223290f060240e8cf94f43e3f20.tsv/MD5E-s3917132--45d22223290f060240e8cf94f43e3f20.tsv