../../../../.git/annex/objects/1x/z3/MD5E-s7361--5023284469fec17b0e4ee068b6d13c39.tsv/MD5E-s7361--5023284469fec17b0e4ee068b6d13c39.tsv