../../../../.git/annex/objects/Fg/WV/MD5E-s58664--763e0aa7f8c963f6b190dcb8907177bf.tsv/MD5E-s58664--763e0aa7f8c963f6b190dcb8907177bf.tsv