../../../../.git/annex/objects/4m/0w/MD5E-s42879--85b78baadc527890a1e05f41696dba85.tsv/MD5E-s42879--85b78baadc527890a1e05f41696dba85.tsv