../../../../.git/annex/objects/XZ/FF/MD5E-s7395--ee1c0965c86e896f81160b0d84a8a82e.tsv/MD5E-s7395--ee1c0965c86e896f81160b0d84a8a82e.tsv