../../../../.git/annex/objects/Jk/4W/MD5E-s825854--b14595b80b3fa85f17fd3de934391ea3.tsv/MD5E-s825854--b14595b80b3fa85f17fd3de934391ea3.tsv