../../../../.git/annex/objects/G3/wp/MD5E-s1014520--6d96ed10152e896b2ea6b7c2f25968eb.tsv/MD5E-s1014520--6d96ed10152e896b2ea6b7c2f25968eb.tsv