../../../../.git/annex/objects/Mm/fM/MD5E-s7353--51e5cc759f5d232e668305be30841b39.tsv/MD5E-s7353--51e5cc759f5d232e668305be30841b39.tsv