../../../../.git/annex/objects/kF/Mm/MD5E-s7279--732a8ce1058f8efd11c702efab6ee5bb.tsv/MD5E-s7279--732a8ce1058f8efd11c702efab6ee5bb.tsv