../../../../.git/annex/objects/26/v7/MD5E-s7369--0e01cb7411bb6f6c4d7dbb689a42c6cd.tsv/MD5E-s7369--0e01cb7411bb6f6c4d7dbb689a42c6cd.tsv