../../../../.git/annex/objects/0f/z2/MD5E-s2295827--ca85836c1e29604e66f5087180ba4e23.tsv/MD5E-s2295827--ca85836c1e29604e66f5087180ba4e23.tsv