../../../../.git/annex/objects/F7/54/MD5E-s7287--995eb523b15486ce6566d0f50941c772.tsv/MD5E-s7287--995eb523b15486ce6566d0f50941c772.tsv