../../../../.git/annex/objects/WV/8v/MD5E-s1249--852eb0bfff4f5e0a4fb30513dd9e9f42.tsv/MD5E-s1249--852eb0bfff4f5e0a4fb30513dd9e9f42.tsv