../../../../.git/annex/objects/wW/0w/MD5E-s2295328--d7c1749ce29affadbf52e1bcf04ca0c5.tsv/MD5E-s2295328--d7c1749ce29affadbf52e1bcf04ca0c5.tsv