../../../../.git/annex/objects/X7/fG/MD5E-s3859564--1cdbf7fd1e3f6b40db8c6ae5ddbe6e54.tsv/MD5E-s3859564--1cdbf7fd1e3f6b40db8c6ae5ddbe6e54.tsv