../../../../.git/annex/objects/9Q/69/MD5E-s2292470--df5ea48c6b1271283d066229897348cf.tsv/MD5E-s2292470--df5ea48c6b1271283d066229897348cf.tsv