../../../../.git/annex/objects/xW/mZ/MD5E-s823914--18686e7498be7d196417a4365d999633.tsv/MD5E-s823914--18686e7498be7d196417a4365d999633.tsv