../../../../.git/annex/objects/29/wp/MD5E-s1251--861ac94f5089462cb2cda0fb350e3ebf.tsv/MD5E-s1251--861ac94f5089462cb2cda0fb350e3ebf.tsv