../../../../.git/annex/objects/Px/FZ/MD5E-s7401--18f02dfae2d77e7279d527d8862b1858.tsv/MD5E-s7401--18f02dfae2d77e7279d527d8862b1858.tsv