../../../../.git/annex/objects/FW/qK/MD5E-s7353--529ede45e42cc3a8f9da7cb205c4436d.tsv/MD5E-s7353--529ede45e42cc3a8f9da7cb205c4436d.tsv