../../../../.git/annex/objects/59/Kj/MD5E-s1255--df0b8de473d61adadf184607d8e1918c.tsv/MD5E-s1255--df0b8de473d61adadf184607d8e1918c.tsv