../../../../.git/annex/objects/PV/2V/MD5E-s7337--b549db2910f4443a0397b7ebc508d07d.tsv/MD5E-s7337--b549db2910f4443a0397b7ebc508d07d.tsv