../../../../.git/annex/objects/J4/4k/MD5E-s1016778--ca369aabe2cf8a53a50325744e2a95d4.tsv/MD5E-s1016778--ca369aabe2cf8a53a50325744e2a95d4.tsv