../../../../.git/annex/objects/Jv/Fq/MD5E-s7355--2ae0c640e6d9e6b78cdab3539a31e740.tsv/MD5E-s7355--2ae0c640e6d9e6b78cdab3539a31e740.tsv