../../../../.git/annex/objects/fq/Qw/MD5E-s7349--942bc2830d57dc1446db672d82f161a7.tsv/MD5E-s7349--942bc2830d57dc1446db672d82f161a7.tsv