../../../../.git/annex/objects/qm/1v/MD5E-s1017536--08345468819e838b68e75136b31a54d2.tsv/MD5E-s1017536--08345468819e838b68e75136b31a54d2.tsv