../../../../.git/annex/objects/3m/qM/MD5E-s7325--64ab23c9ba2b3583ce71cefbe7ab8ab4.tsv/MD5E-s7325--64ab23c9ba2b3583ce71cefbe7ab8ab4.tsv