../../../../.git/annex/objects/WM/74/MD5E-s340290--f389cc7291bcffc174f752eb17951982.tsv/MD5E-s340290--f389cc7291bcffc174f752eb17951982.tsv