../../../../.git/annex/objects/xw/z0/MD5E-s1251--5aef85c2d5d9a96ded9f2e421b7fa248.tsv/MD5E-s1251--5aef85c2d5d9a96ded9f2e421b7fa248.tsv