../../../../.git/annex/objects/v4/6x/MD5E-s1016672--fd6aac4fb54d460c353819a679fbd213.tsv/MD5E-s1016672--fd6aac4fb54d460c353819a679fbd213.tsv