../../../../.git/annex/objects/5q/zJ/MD5E-s3914590--9628479277dacc8f2a0a75d9153e3ed4.tsv/MD5E-s3914590--9628479277dacc8f2a0a75d9153e3ed4.tsv