../../../../.git/annex/objects/wx/23/MD5E-s11221--3542039c51bc9aad18848fbed53d6194.tsv/MD5E-s11221--3542039c51bc9aad18848fbed53d6194.tsv