../../../../.git/annex/objects/X5/m4/MD5E-s822878--fab9cc2fd7f0e62ae41fa2a5e603ab01.tsv/MD5E-s822878--fab9cc2fd7f0e62ae41fa2a5e603ab01.tsv