../../../../.git/annex/objects/jP/pZ/MD5E-s42859--589f618ac13562c9891499e87d449d98.tsv/MD5E-s42859--589f618ac13562c9891499e87d449d98.tsv