../../../../.git/annex/objects/Fj/6J/MD5E-s1014394--43dbe9ba8ccffcc478da9456f2c6abbe.tsv/MD5E-s1014394--43dbe9ba8ccffcc478da9456f2c6abbe.tsv