../../../../.git/annex/objects/gM/58/MD5E-s25328852--94214a4fcc44ad1d3a4348480191edfb.tsv/MD5E-s25328852--94214a4fcc44ad1d3a4348480191edfb.tsv