../../../../.git/annex/objects/q3/1J/MD5E-s7383--98133cd78a17fc2322fd17e2af9d9876.tsv/MD5E-s7383--98133cd78a17fc2322fd17e2af9d9876.tsv