../../../../.git/annex/objects/ww/3w/MD5E-s3918930--631e440d21be514dbb06c9861e3d1940.tsv/MD5E-s3918930--631e440d21be514dbb06c9861e3d1940.tsv