../../../../.git/annex/objects/XW/wM/MD5E-s11225--ed4d60db5f69f2533809da489cfea846.tsv/MD5E-s11225--ed4d60db5f69f2533809da489cfea846.tsv