../../../../.git/annex/objects/jq/8x/MD5E-s4078822--2e7781d1e028ae4e528a7d5e491066b9.tsv/MD5E-s4078822--2e7781d1e028ae4e528a7d5e491066b9.tsv