../../../../.git/annex/objects/vV/Xm/MD5E-s823940--b227df22d7f89db14d8516c27d164366.tsv/MD5E-s823940--b227df22d7f89db14d8516c27d164366.tsv