../../../../.git/annex/objects/w1/Vz/MD5E-s3915120--a0d2c81f8f4908bcd50a90731ff1da84.tsv/MD5E-s3915120--a0d2c81f8f4908bcd50a90731ff1da84.tsv