../../../../.git/annex/objects/f6/Qf/MD5E-s3921356--5a784f4c055c0718bd67593b78b8ffa3.tsv/MD5E-s3921356--5a784f4c055c0718bd67593b78b8ffa3.tsv