../../../../.git/annex/objects/2x/XK/MD5E-s25464910--223e187759b35b35b853738d9f426751.tsv/MD5E-s25464910--223e187759b35b35b853738d9f426751.tsv