../../../../.git/annex/objects/zX/vK/MD5E-s25350760--88362cc165c2da62914c490cb18a9623.tsv/MD5E-s25350760--88362cc165c2da62914c490cb18a9623.tsv