../../../../.git/annex/objects/vM/5p/MD5E-s1020076--248d808636ba6928624aa3a0b3656d1b.tsv/MD5E-s1020076--248d808636ba6928624aa3a0b3656d1b.tsv