../../../../.git/annex/objects/WX/VX/MD5E-s7369--d4932c9d1590d7508e65e28e4f99f8be.tsv/MD5E-s7369--d4932c9d1590d7508e65e28e4f99f8be.tsv