../../../../.git/annex/objects/q7/Xp/MD5E-s25461599--56af8ef02abe48a218b6e4b6e250ddca.tsv/MD5E-s25461599--56af8ef02abe48a218b6e4b6e250ddca.tsv