../../../../.git/annex/objects/7Q/xp/MD5E-s42575--1a6ec3fd45b5800dce93c16d2b73e7d6.tsv/MD5E-s42575--1a6ec3fd45b5800dce93c16d2b73e7d6.tsv