../../../../.git/annex/objects/9V/Qp/MD5E-s42721--f5f8acde4aad12596ae1ff344887014c.tsv/MD5E-s42721--f5f8acde4aad12596ae1ff344887014c.tsv