../../../../.git/annex/objects/vv/pj/MD5E-s1019976--a3a84a364e904a709835b856551005f3.tsv/MD5E-s1019976--a3a84a364e904a709835b856551005f3.tsv