../../../../.git/annex/objects/jX/J3/MD5E-s4079026--9ae4e067581e79b315d9e8d12481c66a.tsv/MD5E-s4079026--9ae4e067581e79b315d9e8d12481c66a.tsv