../../../../.git/annex/objects/vJ/Jq/MD5E-s11209--9d7f752ac353118124c52fafbd54775b.tsv/MD5E-s11209--9d7f752ac353118124c52fafbd54775b.tsv