../../../../.git/annex/objects/Vq/zM/MD5E-s3918498--207a3fa50d12c15d61d47e76cf892f89.tsv/MD5E-s3918498--207a3fa50d12c15d61d47e76cf892f89.tsv