../../../../.git/annex/objects/VX/16/MD5E-s825376--f855d47f2c351fe62df08c6e516ae353.tsv/MD5E-s825376--f855d47f2c351fe62df08c6e516ae353.tsv