../../../../.git/annex/objects/G9/kv/MD5E-s1017370--84e6411ae23552b270806bd4f0993d7e.tsv/MD5E-s1017370--84e6411ae23552b270806bd4f0993d7e.tsv