../../../../.git/annex/objects/2v/2J/MD5E-s631--37ebad982cc338f6ea683d83f5c57994.tsv/MD5E-s631--37ebad982cc338f6ea683d83f5c57994.tsv